µ 100
   2.1354884933864722     
   6.3467358393358246     
   15.920671629647218     
   10.087687970851498     
  -1.0616648652942771     
  -4.7359932228311363     
  -4.8149078550074922     
  0.18410767546114248     
   12.449472368298384     
   5.0085691070072436     
   4.5018385507940950     
   5.3303331896383499     
   1.5527995010709739     
  -2.0634996203306626     
  0.42184765709400740     
   12.348791195521065     
   15.405372994858961     
   25.584279099603858     
  -6.6412316414864048     
  -8.4181052837858843     
  -8.7485585463848388     
  -4.0794652833935103     
  -8.8457231226008215     
   14.292485453813674     
  -3.0034645998189644     
  -6.0840288589741149     
  0.35218379346264650     
  -2.7298852634866586     
  -14.851019084945674     
  -3.7383545294651475     
 -0.38201959022413445     
 -0.97728102468129407     
  -3.8058853201512894     
  -2.9511152794415008     
  -4.7850019444293217     
   7.8020757199539670     
   16.368846751848487     
   6.5732703091897031     
   11.520460485174311     
   9.6166521875964133     
   9.4149181514914808     
   17.798031415395062     
   1.8234347492828169     
   11.982305084706375     
   9.9120152330932587     
   1.1694190370517266     
   4.9899952134685668     
   11.223964390741571     
  -3.6901780514074631     
   11.040917880265720     
  -7.8820958857092789     
  -8.4977446782161028     
 -0.32522022971153014     
  -8.1797251780378968     
   3.9972280649495948     
   8.6155878039406311     
  -11.472265162000109     
   2.3336364280223547     
   6.5665819634935056     
  -1.1891963584203025     
  -5.9674004117659756     
 -0.16008070331759050     
  -12.689975203088924     
  -20.331653924459960     
   7.2078703179004382     
  -4.5167909372845960     
   14.897794641930538     
   16.026769164461371     
   2.3099654609704627     
   1.2767433170791977     
  -4.3018752455545539E-002
  -1.2168977552901739     
   11.575338585273705     
  -2.0936845171577136     
  -7.4779496795141009E-002
   4.0705736587520898     
 -0.57786458775056193     
   12.449817627434474     
   12.883812515430737     
  -15.901216320618444     
  -6.7139223508624086     
  0.95577113696156590     
   21.347116494708750     
   13.823703880117295     
   12.744877630921817     
 -0.17567008574968690     
   7.5992144632868905     
   4.6877782329031508     
   10.585894403186863     
  -6.0994980313198974     
  -8.4356656986683216     
  -17.122087907500394     
  -13.329803299927564     
   1.9856461769362044     
  -3.7312047312804530     
  -19.050166441343308     
  -4.9927161427335172     
   10.863441672833265     
  -5.8187427300179193     
  -4.0945119922812099     
